7.379007144308438737e-02 -1.037842420360466159e-02 2.003907711221705745e-03 -5.325115856395507691e-02 2.722008209719545963e-02 4.645515869213282314e-03
-1.037842420360466159e-02 5.606087444412126940e-03 -4.068804131138750550e-03 7.618765480637580516e-03 -6.061501320678177977e-03 -2.272269491579982062e-05
2.003907711221705745e-03 -4.068804131138750550e-03 4.024756561470637338e-03 -9.291121944084057734e-04 2.795179245014484462e-03 -6.062949440563095323e-04
-5.325115856395507691e-02 7.618765480637580516e-03 -9.291121944084057734e-04 4.628712400816759054e-02 -2.135362897086415246e-02 -3.822145333563658348e-03
2.722008209719545963e-02 -6.061501320678177977e-03 2.795179245014484462e-03 -2.135362897086415246e-02 1.514040351721722237e-02 2.987958721179080623e-03
4.645515869213282314e-03 -2.272269491579982062e-05 -6.062949440563095323e-04 -3.822145333563658348e-03 2.987958721179080623e-03 1.276276976701697183e-03
